	x	y
0	-20	-0.9129452507276277
1	-19	-0.14987720966295234
2	-18	0.750987246771676
3	-17	0.9613974918795568
4	-16	0.2879033166650653
5	-15	-0.6502878401571168
6	-14	-0.9906073556948704
7	-13	-0.4201670368266409
8	-12	0.5365729180004349
9	-11	0.9999902065507035
10	-10	0.5440211108893698
11	-9	-0.4121184852417566
12	-8	-0.9893582466233818
13	-7	-0.6569865987187891
14	-6	0.27941549819892586
15	-5	0.9589242746631385
16	-4	0.7568024953079282
17	-3	-0.1411200080598672
18	-2	-0.9092974268256817
19	-1	-0.8414709848078965
20	0	0.0
21	1	0.8414709848078965
22	2	0.9092974268256817
23	3	0.1411200080598672
24	4	-0.7568024953079282
25	5	-0.9589242746631385
26	6	-0.27941549819892586
27	7	0.6569865987187891
28	8	0.9893582466233818
29	9	0.4121184852417566
30	10	-0.5440211108893698
31	11	-0.9999902065507035
32	12	-0.5365729180004349
33	13	0.4201670368266409
34	14	0.9906073556948704
35	15	0.6502878401571168
36	16	-0.2879033166650653
37	17	-0.9613974918795568
38	18	-0.750987246771676
39	19	0.14987720966295234
